20
0.00619617
0.00320186
0.00138975
0.0004761
0
0
0
0
0
0
0
0
0
0
0
0
0.08922708
0.11690046
0.08903379
0.04339556
0.00320186
0.00758592
0.00367796
0.00138975
0
0
0
0
0
0
0
0
0
0
0
0
0.11690046
0.17826088
0.16029602
0.08903379
0.00138975
0.00367796
0.00758592
0.00320186
0
0
0
0
0
0
0
0
0
0
0
0
0.08903379
0.16029602
0.17826088
0.11690046
0.0004761
0.00138975
0.00320186
0.00619617
0
0
0
0
0
0
0
0
0
0
0
0
0.04339556
0.08903379
0.11690046
0.08922708
0.00614321
0.00317639
0.00137922
0.0004726
-1
0
0
0
0
0
0
0
0
0
0
0
0
0
0
0
0.00317639
0.00752243
0.00364899
0.00137922
0
-1
0
0
0
0
0
0
0
0
0
0
0
0
0
0
0.00137922
0.00364899
0.00752243
0.00317639
0
0
-1
0
0
0
0
0
0
0
0
0
0
0
0
0
0.0004726
0.00137922
0.00317639
0.00614321
0
0
0
-1
0
0
0
0
0
0
0
0
0
0
0
0
0.00614908
0.00317895
0.0013802
0.00047291
0.08922708
0.11690046
0.08903379
0.04339556
-1
0
0
0
0
0
0
0
0
0
0
0
0.00317895
0.00752928
0.00365186
0.0013802
0.11690046
0.17826088
0.16029602
0.08903379
0
-1
0
0
0
0
0
0
0
0
0
0
0.0013802
0.00365186
0.00752928
0.00317895
0.08903379
0.16029602
0.17826088
0.11690046
0
0
-1
0
0
0
0
0
0
0
0
0
0.00047291
0.0013802
0.00317895
0.00614908
0.04339556
0.08903379
0.11690046
0.08922708
0
0
0
-1
0
0
0
0
0
0
0
0
0.00615986
0.00318404
0.00138228
0.0004736
0
0
0
0
0.08922708
0.11690046
0.08903379
0.04339556
-1
0
0
0
0
0
0
0
0.00318404
0.00754214
0.00365764
0.00138228
0
0
0
0
0.11690046
0.17826088
0.16029602
0.08903379
0
-1
0
0
0
0
0
0
0.00138228
0.00365764
0.00754214
0.00318404
0
0
0
0
0.08903379
0.16029602
0.17826088
0.11690046
0
0
-1
0
0
0
0
0
0.0004736
0.00138228
0.00318404
0.00615986
0
0
0
0
0.04339556
0.08903379
0.11690046
0.08922708
0
0
0
-1
0
0
0
0
0.00617556
0.00319168
0.00138546
0.00047466
0
0
0
0
0
0
0
0
0.08922708
0.11690046
0.08903379
0.04339556
-1
0
0
0
0.00319168
0.00756102
0.00366634
0.00138546
0
0
0
0
0
0
0
0
0.11690046
0.17826088
0.16029602
0.08903379
0
-1
0
0
0.00138546
0.00366634
0.00756102
0.00319168
0
0
0
0
0
0
0
0
0.08903379
0.16029602
0.17826088
0.11690046
0
0
-1
0
0.00047466
0.00138546
0.00319168
0.00617556
0
0
0
0
0
0
0
0
0.04339556
0.08903379
0.11690046
0.08922708
0
0
0
-1
0.21399294
0.34238346
0.34305902
0.21518118
-0.57768949
-0.57416507
-0.57515966
-0.58084259
-0.74368545
-0.62111821
-0.6246537
-0.75462574
-0.62056926
-0.42366801
-0.42888311
-0.63691923
-0.25479676
-0.05582775
-0.05984905
-0.26783737